data/30k_ints.txt: 0.003000 segundos
data/30k.txt: 0.003000 segundos
